Elapsed time: 100.14
Upper bound: 3668.0
Planning weighted value: 202799958.0
C[0]=3668.0
C[1]=3667.00000001
C[2]=3666.0
C[3]=3662.0
C[4]=3662.0
C[5]=3662.0
C[6]=3659.0
C[7]=3651.0
C[8]=3645.0
C[9]=3631.99999999
C[10]=3616.0
C[11]=3602.0
C[12]=3601.0
C[13]=3592.0
C[14]=3577.0
C[15]=0.0
y[0]=8
y[1]=7
y[2]=3
y[3]=2
y[4]=9
y[5]=7
y[6]=6
y[7]=6
y[8]=2
y[9]=9
y[10]=11
y[11]=7
y[12]=13
y[13]=0
y[14]=11
y[15]=12
y[16]=8
y[17]=11
y[18]=3
y[19]=10
y[20]=9
y[21]=2
y[22]=0
y[23]=0
y[24]=0
y[25]=5
y[26]=0
y[27]=0
y[28]=14
y[29]=3
y[30]=1
y[31]=9
y[32]=6
y[33]=14
y[34]=14
y[35]=14
y[36]=13
y[37]=9
y[38]=0
y[39]=2
y[40]=4
y[41]=2
y[42]=3
y[43]=3
y[44]=7
y[45]=5
y[46]=9
y[47]=6
y[48]=6
y[49]=5
y[50]=1
y[51]=9
y[52]=10
y[53]=13
y[54]=2
y[55]=14
y[56]=10
y[57]=7
y[58]=5
y[59]=5
y[60]=0
y[61]=14
y[62]=14
y[63]=7
y[64]=1
y[65]=12
y[66]=7
y[67]=10
y[68]=1
y[69]=2
y[70]=3
y[71]=7
y[72]=4
y[73]=4
y[74]=12
y[75]=12
y[76]=13
y[77]=14
y[78]=12
y[79]=6
y[80]=13
y[81]=8
y[82]=7
y[83]=5
y[84]=6
y[85]=8
y[86]=4
y[87]=8
y[88]=6
y[89]=2
y[90]=12
y[91]=13
y[92]=4
y[93]=11
y[94]=6
y[95]=2
y[96]=14
y[97]=3
y[98]=3
y[99]=5
y[100]=10
y[101]=0
y[102]=1
y[103]=2
y[104]=11
y[105]=13
y[106]=7
y[107]=5
