Elapsed time: 0.02
Upper bound: 4230.0
Planning weighted value: 138627.0
C[0]=4230.0
C[1]=4117.00000005
C[2]=4083.0
C[3]=4002.99999997
C[4]=3905.99999998
y[0]=2
y[1]=2
y[2]=1
y[3]=4
y[4]=4
y[5]=0
y[6]=4
y[7]=2
y[8]=3
y[9]=2
y[10]=0
y[11]=3
y[12]=0
y[13]=1
y[14]=2
y[15]=1
y[16]=3
y[17]=2
y[18]=1
y[19]=0
