Elapsed time: 1001.28
Nodes explored: 12671363
Nodes left: 884996
Relative gap: 0.036
Upper bound: 167959306.001
Lower bound: 167899379
C[0]=2666288.00004
C[1]=2666288.0
C[2]=2666149.0
C[3]=2664253.0
C[4]=2663841.0
C[5]=2663595.99934
y[0]=0
y[1]=2
y[2]=4
y[3]=0
y[4]=5
y[5]=3
y[6]=0
y[7]=4
y[8]=1
y[9]=5
y[10]=5
y[11]=1
y[12]=4
y[13]=5
y[14]=2
y[15]=0
y[16]=3
y[17]=5
y[18]=4
y[19]=1
y[20]=4
y[21]=0
y[22]=2
y[23]=3
y[24]=0
y[25]=0
y[26]=4
y[27]=3
y[28]=2
y[29]=0
y[30]=2
y[31]=5
y[32]=5
y[33]=3
y[34]=3
