Elapsed time: 100.43
Upper bound: 8887.0
Planning weighted value: 37067939.0
C[0]=8887.00000001
C[1]=8887.0
C[2]=8885.99999999
C[3]=8880.0
C[4]=8876.0
C[5]=8874.0
C[6]=8864.0
C[7]=8859.0
C[8]=8855.0
C[9]=8855.0
C[10]=8843.0
C[11]=8790.0
y[0]=1
y[1]=10
y[2]=7
y[3]=5
y[4]=9
y[5]=2
y[6]=1
y[7]=2
y[8]=0
y[9]=7
y[10]=11
y[11]=2
y[12]=8
y[13]=2
y[14]=7
y[15]=5
y[16]=1
y[17]=11
y[18]=9
y[19]=5
y[20]=10
y[21]=1
y[22]=4
y[23]=9
y[24]=9
y[25]=4
y[26]=3
y[27]=8
y[28]=2
y[29]=11
y[30]=7
y[31]=1
y[32]=5
y[33]=3
y[34]=5
y[35]=0
y[36]=11
y[37]=11
y[38]=1
y[39]=0
y[40]=4
y[41]=10
y[42]=4
y[43]=10
y[44]=1
y[45]=6
y[46]=7
y[47]=11
y[48]=10
y[49]=0
y[50]=11
y[51]=9
y[52]=4
y[53]=3
y[54]=1
y[55]=4
y[56]=7
y[57]=10
y[58]=8
y[59]=2
y[60]=3
y[61]=6
y[62]=9
y[63]=6
y[64]=3
y[65]=1
y[66]=0
y[67]=0
y[68]=7
y[69]=8
y[70]=9
y[71]=10
y[72]=3
y[73]=9
y[74]=1
y[75]=1
y[76]=6
y[77]=6
y[78]=10
y[79]=8
y[80]=8
y[81]=4
y[82]=6
y[83]=10
y[84]=9
y[85]=4
y[86]=10
y[87]=8
y[88]=10
y[89]=7
y[90]=6
y[91]=1
y[92]=0
y[93]=1
y[94]=5
y[95]=1
y[96]=7
y[97]=11
y[98]=4
y[99]=0
y[100]=4
y[101]=6
y[102]=5
